8
73 30
-4541 6788 1285 2757 -4629 -9544 -5850 -1655 -5779 2854 1311 -5068 -8246 1276 -7050 -4441 -6777 4540 -7052 -2026 -6848 5118 7038 -7198 7488 -5127 -5657 -3806 -9170 -194 -2973 -9272 -918 4933 -5569 -351 -3655 1292 -9136 -8356 -2083 8508 1738 -3057 5640 -5681 7218 -5930 658 1072 -5323 -9346 -5079 -7519 -8551 -3742 1417 931 -5291 -6765 7853 2161 -7267 -3203 -4540 5326 -9631 -7673 -2521 -9216 6519 1243 1482 
~
74 50
3783 -80 8325 -2301 -157 -4796 656 6417 -2060 -2746 -5622 -6587 -3183 7523 8923 -7816 -8092 2793 620 -3903 1811 -3080 -8057 -1871 192 -5700 -8386 641 7373 4731 -7377 -5655 708 -9142 -4537 -525 -9706 3429 8388 4464 -6398 -5730 -5505 -6551 -4424 -2058 -7670 7288 9919 -7574 5814 8503 -6796 -5105 9305 1273 -1388 -2175 -4914 1976 -773 -2343 -1956 -3505 8942 -9795 -4100 4073 4566 -1764 981 -9286 142 -582 
~
87 62
-8481 -5015 -2057 -4931 -758 9017 -3624 -1145 5222 9297 -4757 32 -2774 -1602 -3338 -5981 45 -5109 -1364 -5170 -1556 3506 -4340 -7762 3085 -2830 -2614 -7337 8801 1634 3698 1432 -4018 5604 -6901 -3825 -6642 -1378 9561 -7495 2770 -6395 -6331 -3603 8876 1850 -5728 -3286 -3509 -9830 -763 -819 7912 -2671 1535 1160 -3071 -6514 940 -2129 -445 -3587 -4128 -9036 -115 1393 -1556 2390 8947 1088 5089 4022 3104 -2988 -9264 -9270 -6560 -4962 -9997 917 -5187 5710 -9231 -7786 -9688 -736 -6594 
~
17 99
-5991 -8319 -502 6652 7507 5211 5576 -7964 -1418 708 -5510 -3040 -1017 -392 -8348 8600 581 
~
79 59
-6001 -1391 1176 -2228 -854 -2706 2999 -3344 -5419 -2070 -848 7198 7746 -5957 -429 -1999 307 6925 -7189 -6436 -8102 -9189 8859 2692 9855 1437 1159 1164 -6014 -2751 -2058 2737 673 1468 -1802 -3433 444 -3582 7936 6371 -1609 -2571 -1955 -7989 6944 2459 -1494 -2262 -527 467 -5000 -9255 -1480 -5335 3480 -1030 3286 -8632 -6987 3702 4645 -9873 -287 5291 6782 -6457 -523 1342 5849 916 3667 2519 -6315 -6038 -946 -8723 -1317 3841 -467 
~
68 7
-5044 -6037 9381 -9466 295 -7069 -6330 -50 -5584 2602 -9301 -7222 -7496 -5539 -6124 7149 -1447 -5187 -183 9322 4329 1592 -908 1145 -6320 -4694 -4499 -356 -5353 8708 374 -2334 -1759 -7349 5417 9996 798 -8348 2734 -7025 -4450 1519 -9967 -5991 -3229 -5103 -6988 -1897 8474 9239 -5535 2710 -692 -6345 -4318 -8119 9295 -4839 4404 -6677 -4030 -7369 5081 9349 -806 -127 9549 -1454 
~
11 92
-3364 8064 -4775 -8949 498 -1990 -7271 -186 -1645 -8060 -3692 
~
43 37
-2553 8675 -2119 -9751 2350 -5455 -7164 -5847 -6128 6317 -3250 174 6319 2173 -5869 -3846 -4289 -5226 -6455 -3017 8587 7690 2182 8405 -9355 354 -4222 -7143 -4772 -3924 6910 -1133 1155 7126 -5467 -4719 6672 -8580 -2222 -4333 -6670 1598 -5710 
~
