8
317
-9177 -9763 1359 938 -5069 9658 -2318 1324 -3828 2265 -8616 -1863 -2516 -325 -248 7143 9802 -7058 -8149 8717 -2452 -850 -8870 -5843 -2980 -8181 -9992 7062 -5794 9645 -1187 -5975 -1055 21 -1134 -5638 -7853 -2138 -60 -2406 -7622 -6428 -9389 -1613 -7039 9436 -6358 -2317 -4081 -1724 1332 -9652 -7777 -7868 -6868 -2117 -3669 6773 7093 -7128 -6551 -471 5740 -3699 -997 -3924 -8677 6747 -6622 5801 -1264 9785 -8109 48 -7091 -7377 4109 -266 2016 -1374 7561 2365 -2058 5952 -6189 9398 -6804 670 -4680 4420 -3994 -352 -2944 6051 -8125 -4710 9758 -9687 9489 3380 -3514 843 5693 -5389 -7233 -2589 -2386 -1738 -4199 -5231 3859 -4323 3040 -5376 -9447 -6735 -4847 -1525 7553 -1824 -6484 -5633 1650 -6360 -5973 -6206 4427 -746 -5390 7956 5883 -1713 -5176 8981 -43 1134 3237 -3609 2430 -5777 -7764 6742 137 -339 -9157 -3915 6405 9831 1184 2123 -43 -1593 622 -466 -9312 6438 -1775 4270 -7414 8810 -5633 2006 4163 1458 -6161 -8562 -2881 -9228 8942 -6204 6821 932 335 -6292 -4500 -6248 -3134 -2747 -7197 3625 -439 -5506 5071 8957 5447 -9382 -774 7299 698 -9616 -5238 2462 -5525 -1227 816 4390 -5532 830 -3550 1131 7393 -7487 -5844 -5221 6345 1723 -3422 -986 -1121 7479 -4583 9664 -8268 -7795 -7689 840 -5793 -2838 5127 -250 -944 271 5809 -8934 -9439 -2116 -374 -7150 -6866 -7762 -792 -1668 -6489 3206 633 -6339 -7997 2700 -8011 -3903 -7945 9428 -5552 -1067 -7064 -9504 308 -8112 3293 -9050 -8145 8825 -2536 -6541 -2967 3365 -9881 5040 8281 -4192 -1642 -7868 8632 -8082 -7609 -2917 -3018 9746 69 -8986 1259 9071 1749 -6462 1233 -8850 1133 -7395 5840 -9409 970 -4618 1242 -4478 -9955 6405 -5511 7688 -1947 955 8997 3734 1379 -3317 -1126 2091 -4534 -8567 5065 5634 -138 -3727 -6866 -3942 -354 9099 -5597 307 -6387 -6834 5970 -2213 141 1635 2416 2347 -9755 
~
29
-4855 -9748 3909 -7580 2358 1373 7230 -8248 -1162 -2439 2648 -3145 -420 -9035 -9346 1174 3877 -1400 381 406 -3507 3598 -4083 -9030 1443 6670 -8881 1428 -9895 
~
539
-232 -1360 -2048 2390 -5364 -461 -3756 3901 1967 133 -6124 8769 -5352 -1043 8054 -8654 -3417 -9125 7896 -2175 -4008 5068 -967 5253 -5384 7273 -3319 1086 7159 5330 -2594 -9928 8575 8249 3848 -4975 1828 -9807 2440 6302 -99 3241 -6979 203 -6574 2195 -1922 -6109 -8266 5771 1583 -7249 -9609 -460 -9778 -7295 -8236 260 -3603 -8300 -4914 -1085 -827 -2036 -6814 -3440 -2552 -4732 1717 -8891 7256 6760 9137 -9508 -7177 1471 48 -1198 -4386 -5554 -3242 -7893 -9454 1977 -2333 2518 -7213 426 1513 -494 -9321 -169 -2564 -6159 6935 1664 5608 4668 -184 -8490 -6521 -8744 2605 4962 -1198 -4537 -6485 -7163 -5321 -143 -547 -2405 557 -1403 2377 -5242 -1756 4315 -4942 552 736 2588 -2864 -8079 8616 -4924 6749 -7110 -8359 -3866 -464 -4432 2625 3984 6000 2102 -951 -4111 -991 6916 -1262 -8551 -4317 2196 -6941 -1888 -9956 -7297 1025 -9750 3730 -2205 -5439 168 -2946 -6008 7674 2594 -9731 -669 -9121 -8555 -9431 -1158 -2389 4887 -4985 2570 1053 -797 738 -4091 -5562 -1487 1528 -9696 -2015 -1244 -7661 2540 -5981 4491 -7205 66 211 3680 938 9957 -8933 7989 7521 -4285 5631 2481 -71 3388 -8466 -4363 5596 -9434 -8521 9763 -6188 -4560 -290 8225 1508 -8986 7311 -5510 6199 3349 9873 6214 1845 -3217 -2369 3180 1277 8848 5427 -2139 3055 7202 -2460 -3646 -7223 -9154 9362 -8784 981 724 -3681 -3909 9793 -4819 -8416 -623 -8721 3855 -5964 -5495 -2226 -7903 -8588 676 -9463 -6672 -4980 -1582 -5762 -7951 -3511 -2344 -7439 5991 -9036 -1199 3490 7975 6238 -78 2780 -5285 -2948 1938 2224 996 2805 -8694 1025 -4605 -7816 -7846 2433 -1895 -6668 6444 2429 9358 -7325 -1156 -2028 -8401 7398 -4936 -978 251 2359 -9211 1194 -575 1947 -7709 -7336 -2590 -3818 -3087 -6136 5564 -7548 -8877 -7933 938 -3195 -2285 -8007 -4186 -6728 2631 2842 -6736 843 -7470 7081 -6412 -8526 2156 -3443 -345 -1866 -2554 -6838 9426 -6320 -3991 -9327 -4814 2774 5855 -8845 -546 -2987 -7979 -6981 -8245 -3263 -8834 5788 4782 -4792 -3877 -4536 2176 3565 8314 -7388 294 -6092 -6755 -6184 2609 -8743 829 -277 -7134 -9498 1006 -8626 1459 1380 -9468 2520 -7181 -4078 7734 -1902 -6608 9076 9411 1300 2457 -6706 -1806 9584 1956 -8559 894 364 814 -2700 1490 -2186 -3743 -4281 -5615 -6188 4219 -8348 -9479 -6759 -5459 4808 -3127 5599 -8000 -5056 5312 -111 127 -825 744 5223 -6895 -8145 -3180 1784 -27 -2210 -5339 -181 2132 8891 7827 1167 2017 -6231 -7670 -4116 -4156 1011 -6125 2041 -1913 5192 7733 -5520 4624 -9974 -7653 -7266 9441 -1055 8695 -993 -8356 7094 -2873 -214 -7669 -4740 3704 -3096 -3649 -6671 6505 -3445 -8265 1446 1969 -4387 5220 -5669 930 -3626 6186 -9841 -4336 -301 1738 54 2509 419 -1378 8556 8183 547 -9116 -152 -6283 5836 -3362 -779 -962 -469 -4839 -7331 5082 -3278 -2931 3047 -1395 -882 2180 3075 -3439 -6791 -5569 8355 -9854 6544 6741 4716 -2752 2951 -4611 -3571 3825 -1349 -2321 -4400 38 -6680 6470 -1170 8607 -2404 -6328 -6392 -8336 -1684 -7127 -3341 -3834 -3801 8908 5044 -9979 -3192 7148 2220 -2412 -8785 -4614 -7819 -1444 -2991 7272 -2450 -2836 2415 -4923 -4460 2848 8453 9674 9810 4515 -860 
~
582
-5287 435 -254 -4493 -4141 -8956 -8592 -1756 8213 -1656 -2964 -9831 9684 1325 -2568 -5919 -4743 39 -661 -7771 -4841 -560 -8153 176 -5572 -3315 4746 -9933 -9401 1331 -7511 936 4729 -6646 -2214 -4395 -6449 -3440 5745 -4621 5199 -6431 2125 -9168 -4768 -3914 -5709 -3950 -6913 4779 -6020 2493 752 518 -3829 -6505 9969 2164 -5919 -7031 -6571 -7754 4116 -5560 9808 -7075 7581 -5770 -1874 -9807 9426 -9373 6025 -648 7604 -7561 4379 -2635 3945 -7596 -6704 239 -3892 6264 -385 -1740 -6173 7905 4507 446 -6063 -7564 -2907 -8780 -4755 -8385 7973 -6732 -1196 -515 -999 -880 9115 -6118 5356 -5642 -5401 -200 -1878 -6252 6688 4913 2611 -3876 963 -1218 -1937 1924 -7529 -4137 -2207 466 -3678 -8740 -9665 5302 -3683 -6829 -5344 -2024 -7739 -4557 -617 211 692 -1535 -4736 8866 -2929 6457 4024 9051 4801 2159 -7599 985 -3383 5718 -9338 -2306 -3793 -6751 1452 2776 -2852 -728 1226 -3229 8682 1101 -4533 -4976 -3942 7680 -2031 8965 2021 -2720 -308 -4604 1813 -5309 -2101 -8752 9781 -2153 -3022 -8850 -3258 -215 -8692 1449 -8877 2759 4515 2936 -377 -8799 -1137 4835 1214 -6411 2347 -5372 3897 -9492 14 -3893 1878 -4418 5528 -7451 -6016 1053 3819 -9219 9570 3569 -3011 9027 -4926 2431 -8917 -6771 -244 -7792 6191 2587 -7445 -113 -4939 -7137 -6305 -4365 2955 -6915 -4916 -7490 -969 9295 -8976 -3483 -1235 -7764 -6729 -1935 -7583 -3286 1330 -3963 -3974 -2431 -3515 -1696 5928 -4462 1088 -7163 -2440 -1624 4817 -9702 -6267 1150 663 -9873 -3183 -7230 1754 -7297 9556 7576 -5031 1115 -4429 6913 3268 -5787 -4651 573 -8564 -2918 2322 271 7607 -908 1742 9505 -3912 2703 -5659 -8664 3647 -22 -5722 -7544 333 5072 -4667 3835 -3893 -2856 -84 -7538 -9861 9993 -3247 2349 2094 -2206 6990 -1952 -4521 -4647 -4019 -6059 -1023 -7549 -9022 -8511 9405 4980 2430 -8031 -3650 -3098 -8415 934 137 -6401 5616 -3024 8710 7854 -6073 9626 2172 8887 528 -2377 6237 304 1045 58 5501 -4310 -7182 8700 -4343 7540 -113 2010 437 732 -403 -4835 -4169 8856 -7362 -2337 2258 1188 1113 1738 -2571 1132 1966 -5565 -6842 1421 4216 -409 -7751 9207 -527 -9388 2757 2517 2218 -4789 6616 2256 4667 5749 -502 -9391 1015 5284 7824 -5946 -92 8955 -5742 -1561 -1782 9904 -8737 -3527 9897 6417 -7297 -9198 848 1189 -4950 -994 5259 7253 -7817 -158 9277 -9781 -4649 -4001 -6386 2617 4419 5913 -7961 -1700 -1869 -7783 -8644 -254 -3248 1071 -7576 4875 -6260 7644 -9857 -5203 1329 -9105 -4672 -4102 9624 -7057 2410 613 -997 2328 -1806 5474 -9044 -8631 3281 -1618 3944 -9698 -2878 -9265 -9082 -9895 4269 -8099 1268 2694 2173 -2174 -7708 -2850 -9383 -1507 8771 -4851 4433 -9491 -8981 -2544 -9577 -3444 6585 2529 -3887 -8422 8129 -9226 -1524 -420 8800 -218 -1869 6885 3187 -7859 4192 -4717 3014 -3502 5009 -6755 -3888 8999 -1441 -4948 -6019 7666 7883 -7641 -1813 -1206 -6342 -2125 281 7043 -3485 6906 -5603 -179 -7738 5836 6165 1017 -128 -2876 -8000 -4673 -2308 -7155 -2513 -6436 1420 8932 -1706 -9601 -1608 -2753 -7641 -634 -2731 -5138 -928 869 890 -1247 1891 -1337 1360 -4085 -2648 -7145 9800 4773 -7570 -5279 721 5142 23 -5675 -406 2770 -1675 -9908 3765 -9536 -769 8366 -596 2016 -5943 -8173 8824 -788 -1709 168 -7008 -4161 2432 -5771 -6593 -9164 -4279 -1508 -6567 -4592 5971 -9435 7535 2402 2751 -9160 -1487 170 1153 1866 1812 9496 4915 347 -6396 -9546 
~
908
-8257 8956 -87 7754 -9155 -909 2708 -5098 6772 -3335 9981 2762 1316 -2398 -780 -3924 -500 -6494 6449 8512 -4688 -8678 -2915 3579 -4675 -2798 -1772 -5829 5296 -440 -8342 -811 -7373 -4056 4780 -7794 -5910 -3428 -2904 8750 3374 1477 -7793 -2670 7415 -7765 -3687 -447 -4097 -5231 -4630 -8766 -5852 -5779 -3052 6892 2030 1751 -5059 -1347 -3565 -1441 7810 -7601 4183 -1756 2173 1992 -7400 -3390 6435 -2895 1769 -4404 -3088 9417 -8388 -4485 2023 -8645 6502 -667 7797 -9555 798 593 -8810 1594 358 4682 -7078 2851 -4275 -1550 -3671 -447 -9837 -3815 -6236 7518 -497 -8594 -4914 613 -7954 -3051 2347 -9225 -2531 4954 3079 -6048 -9623 -7387 8442 201 -8092 -4081 -2901 175 -661 7092 -8461 9619 8325 872 -8444 276 -2257 271 -5463 -2438 7734 1416 -2896 -1932 2181 2569 -3771 -2940 2816 785 1440 -6503 -8273 -8102 2562 -1538 -7137 -6066 -36 6033 5893 7484 -3759 9111 6437 2954 4765 7246 -6318 109 21 -6269 -6569 8119 5169 3012 -267 -336 3432 -8775 1454 9800 4922 5359 5409 -9812 3188 -2284 -3913 3863 -9072 -9910 -6242 1771 251 -2922 -1773 -4384 -8613 -8712 -2906 -4516 -944 4928 -5768 -445 -39 -1793 -9848 81 -8933 9052 3150 -5722 9342 -5880 -6904 -5950 -5031 8820 -2796 -5743 -3633 -5823 92 -2264 4569 -5128 -6632 -1967 -3450 -9253 -9487 -3645 8256 -8805 -3486 6486 785 2860 -3228 5845 -442 -8074 -2518 -4172 1907 -6418 -5654 -1468 4791 -4540 -6659 -3611 -414 -5123 -3896 -6660 1812 -3324 -9732 -9594 2311 2109 -9477 -8213 3087 -133 925 -1003 -3359 -7373 -3022 -1917 -4590 -401 -8312 6010 -6015 -6009 -6161 -7749 -1608 6925 3131 859 8047 -7544 -3574 -8817 -7630 3972 8839 -7738 -5115 9384 9902 1019 -444 -3352 -8687 9899 -1009 -2084 -2886 868 5670 -6416 5586 -4289 4945 -5187 1377 -465 2052 -200 1175 -6246 6145 9161 -4726 -1496 -2818 2143 -7807 313 -4280 259 -4527 -4836 1448 74 -1435 -1442 -9307 7278 4804 4607 -2070 -705 -3346 -3157 10 4726 -890 3815 2593 1803 -3658 2187 7965 -9080 -2480 -7281 -9507 -1667 3249 3369 -2343 -1131 -8053 -4490 -1374 -4023 -8765 5366 -8470 -3213 -8905 -4579 327 9446 2180 4039 -364 8860 -5688 -8532 153 -4816 707 -5707 -8243 5645 7619 -9650 -135 -3642 -4640 5724 -2306 -3128 -5307 7984 1498 1325 3217 -1028 -9017 -1038 -7843 -8698 -156 -4884 -2882 -8741 2904 1558 4909 7974 8180 -6674 -6619 -7999 -1768 -9536 -4852 -1910 6169 1795 8918 -7302 -4702 -8701 -1337 -9613 6552 382 6072 -3720 -4542 2772 -9028 7649 -8759 -5320 1762 -6514 -3107 -852 -4355 8988 664 9676 2211 5494 -505 -1047 -5197 46 -1947 -1414 7515 -3828 -5910 -7762 -1607 -3770 -1947 8549 5632 -6479 -4474 6399 1181 -8266 9823 -2348 1306 8425 -5461 8870 -3614 -5194 -7857 -9484 5478 -1251 -2656 1137 6400 -7808 -9754 3508 9015 -2022 160 -4847 4610 -7406 808 -4248 -3536 2415 -3016 -2756 1543 1007 -3027 839 7980 -6893 -3222 -7284 419 -9635 3232 493 -5962 -8771 -9491 1790 -5125 680 -9213 -1063 17 -7957 -9013 -9740 -5140 2270 -1527 3056 -5358 -4292 -8510 -845 3172 4785 1851 6649 -4479 53 -4061 1894 2311 -1991 -4908 -8449 9179 8959 7414 9369 -9717 3535 2725 82 3091 551 980 -3009 -8195 7155 2481 -1178 4972 -5602 5931 5197 2298 -4665 -7535 -9678 864 8343 8509 -8708 -7177 -2511 2194 1234 6461 6219 7874 1547 7802 -3811 722 9445 7843 8408 7009 -1542 -4002 -7911 -2425 9776 999 -1187 -8645 -9584 275 -8745 -8168 -70 7987 -7456 -6559 5014 -4933 -6802 -446 -82 -9821 -1688 -5831 -7558 2190 -8519 1684 668 7082 -7389 -2660 -7475 343 1015 -3725 2712 -7765 -7998 1275 -6458 3573 -375 9047 1913 4064 1016 -618 9149 -1029 1399 2732 -9189 -6633 -5665 -7261 -1840 -1136 -340 -5869 221 -4881 -7117 2701 -6495 -9905 821 2718 -2748 767 3572 -4942 2517 -8984 8326 -6249 -2761 -9456 -9624 836 -6537 -9346 1301 601 8257 -2209 -1129 -280 4019 -4409 -2691 -5643 1874 540 8270 -2021 -612 -6064 4732 -3953 -1378 813 -1380 72 7271 -7914 -6282 1663 -1988 4843 -8968 -6925 2477 -9715 3984 880 8360 -509 -9703 -4591 -979 -4739 2261 -8028 -2238 2359 540 2222 -9849 7360 1684 -4050 -2355 -8069 8802 -4922 1410 -9691 -8736 -3721 -3600 -1351 7183 -2772 -8376 -5775 -2065 762 -1640 -9523 781 9798 -5851 5880 -6853 4359 -7147 -6135 -7514 9710 -5013 -9016 -7516 -6268 5208 -8654 1261 8531 528 -1825 -6163 1639 -2596 6849 5750 2422 -8914 112 3514 1821 -7206 -8508 -2023 9805 9602 7810 4312 7751 4946 -4614 -1004 -6652 -7698 -9456 2581 -9832 5033 -3910 9702 5815 -3336 -3318 4484 632 4390 -8627 213 -9127 7497 1778 4026 643 -9900 4783 3336 -720 9262 -703 -5260 6155 -2557 -7854 -627 1271 -3046 2432 2063 -9582 6439 6395 3316 9242 -8926 -4209 5358 3921 8023 -2653 5075 -1666 -8833 -7359 -5353 -108 -9520 -5897 -7904 6230 -1008 -1827 -4714 -3109 1039 -5287 -2214 -6993 -6986 9855 3961 -5350 -8422 -8771 -2144 -1947 -5770 -7723 8786 -4518 4568 -3060 3096 6411 -70 -1533 -4808 -2761 -7500 -828 -5014 1128 -6128 5696 -5785 -9409 -2434 -1450 -6110 5012 1001 -6090 411 -3655 -4566 6599 -8206 -4353 -6948 806 -8263 -164 -4112 -7248 -9171 6411 2529 -4318 2886 -5261 -6902 1214 -3475 -1395 -1802 9936 2734 -8800 8920 -8302 -4402 -3793 -9347 814 -6274 2294 5823 -1054 -4303 657 -3556 8392 -4182 -5186 -8858 
~
423
-6918 -669 9692 -6940 -7639 3923 -9032 -9812 2258 -9779 7178 -3145 -7148 -2331 -2938 -7371 4613 -3096 -6311 9133 -1910 -166 -3838 1750 2853 -9662 4222 7172 -7185 -8440 3396 7560 -4314 -2435 8595 -1039 -4344 7932 1480 -2440 5984 -2768 3540 4763 -9408 567 -4914 -5913 -3568 7109 5509 -4677 5094 2380 -7303 4459 343 -2822 3722 -5598 -851 1763 241 -724 -8966 1504 -4370 5171 -8853 -2312 -5471 -3704 8064 5055 -6307 2629 2779 -1763 -9383 -2448 2039 -3472 3497 962 -3493 -1644 -5491 -1976 -9265 -479 5960 5226 -9650 -9578 2100 -1813 -5763 4629 9173 -9711 -1541 4654 -7157 2565 4346 -3967 6027 -6532 -8052 -3201 2415 -6761 -6559 6256 1485 -24 -6799 -4966 -6490 9367 1460 -3520 -8831 -5628 -2342 -4151 535 -3891 -5800 1187 -1488 -3662 -1984 -857 -9714 -5961 4469 -5025 -7385 9258 -259 -6011 -3463 -7131 1975 -146 2521 -1354 6222 231 7213 -322 -8401 -6978 -3973 1687 -8584 -3100 -5599 -870 6386 -8718 455 -609 -6815 -6294 785 -4571 -903 5311 -5254 3253 -9261 -4680 -2595 -3101 1696 -2192 -1131 1140 -8739 2306 -6808 -1114 -9368 -3421 -8032 -2324 -7855 208 922 -5159 8980 -9750 9954 6176 -2489 5279 -7201 -5351 -5617 5707 8458 -7866 8632 -5921 9509 -5482 -5083 -8000 6474 9514 -5820 -9837 -5375 5655 -7547 4280 1334 -341 -7763 4020 -8150 -429 -6042 -2412 9481 1309 3641 -6961 4221 -4423 8575 -1013 705 -7835 7284 2402 2935 -3575 -3955 -3226 -3970 -7360 7180 4323 7519 7385 -4175 4644 -4313 2844 7027 1593 -9927 -7151 -145 -3049 5189 -3779 1632 2240 -5292 1902 9872 -7867 7653 -2502 5198 202 605 2051 2209 -3831 -5318 2813 -1828 -5223 -6519 -7021 -3310 -4113 -5895 327 -1813 -7739 4080 1241 -4840 7227 -7556 -6999 -1052 -1316 9516 512 -6965 -5405 224 -5364 -1713 701 -1730 -437 -8439 -7151 -1209 -853 -5827 3133 -5815 78 -4143 5922 1046 -2445 -9665 3139 -3115 51 7688 5929 8599 6090 460 1483 -499 -5737 1080 -20 249 -4795 -5665 3206 -2718 -1366 8812 -8058 -4373 -8592 -7626 -1225 -3098 -4942 -8683 -5948 1253 -438 -7276 184 2641 -6679 -6488 -6968 1919 -4954 -9856 -4172 1120 -1414 -9186 -1175 -8457 1483 -8699 -5206 6288 -2328 1394 1041 -7248 8948 -5392 -8368 1736 5799 5927 -5187 -2387 -5198 -747 -8402 -4435 1057 2495 -7328 -4582 -2683 -5079 1919 5355 -6189 69 -1407 7140 -2969 -8215 3091 5074 3821 -3932 825 1404 -991 7346 -2289 1623 1685 -7506 1366 7768 -8685 1223 2732 2703 -9692 -10 -1318 1330 -2831 -881 -6732 7095 
~
73
-5066 9212 -3481 -5631 3028 -5432 -6513 -1504 2314 -7258 3737 -6050 -5531 6333 2331 -4700 -2381 -3435 -1427 -4969 1813 2874 3936 -8678 -2091 9053 -9970 9520 -6599 -4996 8525 706 2521 -765 -8856 -7168 2446 -9294 -8561 -6453 8939 2400 2190 -8750 -2735 -5407 7996 -6501 -5539 -1499 564 -1307 -5627 -1535 -2487 -4149 -9117 -8527 -2282 -5588 -8624 1726 -2573 6088 -9035 -7556 -6609 9646 -6210 -936 2746 -6604 240 
~
33
-9886 7974 1661 -7101 -9950 -2589 -1099 -1653 -6507 -8764 -3105 -9048 1745 9919 -1591 3327 433 -8533 -3172 -5886 1651 9796 2195 -8750 -6844 1617 2061 514 217 132 1537 -130 -4385 
~
